dataAsInts: -3 2 -16 2 2 45 0 17 0 126 -128 -128 -128 127 -128 -128 -128
dataAsInts: -3 2 -14 7 2 12 0 17 0 -126 118 123 -128 -128 127 127 123
dataAsInts: -3 2 -16 2 3 46 0 17 0 -128 -128 -128 -128 127 120 120 -128
dataAsInts: -3 2 -14 2 2 13 0 17 0 127 111 123 127 -128 127 127 123
dataAsInts: -3 2 -14 2 2 48 0 17 0 -128 -128 -128 -128 127 109 123 -128
dataAsInts: -3 2 -14 2 3 49 0 17 0 -128 -128 -128 -128 127 105 113 -116
dataAsInts: -3 2 -16 2 2 14 0 17 0 -128 112 124 -128 127 -128 -128 124
dataAsInts: -3 2 -14 1 3 38 0 17 0 -128 127 127 -128 -128 -114 -98 -128
dataAsInts: -3 2 -16 1 3 39 0 17 0 -128 127 127 -128 -128 -108 -109 -128 
dataAsInts: -3 2 -16 2 2 50 0 17 0 -128 -128 126 -128 127 105 125 -110 
dataAsInts: -3 2 -16 1 3 40 0 17 0 -128 127 127 -128 -128 -100 -100 -128 
dataAsInts: -3 2 -16 2 2 51 0 17 0 -128 -128 126 -128 127 105 -126 -101 
dataAsInts: -3 2 -16 1 2 15 0 17 0 -128 120 124 -128 127 -128 -128 124 
dataAsInts: -3 2 -14 1 3 41 0 17 0 -128 127 127 -128 -128 -104 -97 -128
dataAsInts: -3 2 -14 2 2 52 0 17 0 126 -128 -128 -128 127 104 -117 -98
dataAsInts: -3 2 -14 1 3 42 0 17 0 -128 127 127 -128 -128 -106 -96 -128
dataAsInts: -3 2 -14 2 2 53 0 17 0 -128 -128 -128 -128 127 104 -111 -96
dataAsInts: -3 2 -16 2 2 54 0 17 0 -128 -128 -128 -128 127 104 -117 127 
dataAsInts: -3 2 -16 7 1 43 0 17 0 -128 -127 127 -128 -128 -100 -88 -128
dataAsInts: -3 2 -16 1 3 44 0 17 0 -128 127 127 -128 -128 -104 -86 -128 
dataAsInts: -3 2 -16 2 2 55 0 17 0 125 -128 -128 -128 127 104 127 -127 
dataAsInts: -3 2 -16 1 3 45 0 17 0 -128 127 127 -128 -128 -108 -84 -128 
dataAsInts: -3 2 -14 7 1 46 0 17 0 -128 127 127 -128 -128 -113 -77 -128
dataAsInts: -3 2 -14 1 4 20 0 17 0 -112 -116 -126 -128 -120 -120 -124 -128
dataAsInts: -3 2 -16 2 2 56 0 17 0 -128 -128 -128 -128 127 104 122 -124 
dataAsInts: -3 2 -16 1 3 47 0 17 0 -128 127 127 -128 -128 -122 125 -128 
dataAsInts: -3 2 -16 1 3 48 0 17 0 -128 127 127 -128 -128 -124 -128 -128
dataAsInts: -3 2 -16 1 4 21 0 17 0 -105 -106 -126 -128 -120 -120 -124 -124 
dataAsInts: -3 2 -16 2 2 22 0 17 0 -104 -100 -126 -128 -120 -122 -124 -125
dataAsInts: -3 2 -16 1 4 23 0 17 0 -108 -106 -126 -128 -128 -128 -125 -128 
dataAsInts: -3 2 -14 2 2 4 0 17 0 127 -127 127 127 -125 -95 127 127
dataAsInts: -3 2 -16 2 5 5 0 17 0 126 -128 127 127 -125 -77 -128 127 
dataAsInts: -3 2 -14 1 4 24 0 17 0 -118 -114 -126 -128 -128 -128 -127 -128
dataAsInts: -3 2 -16 2 2 58 0 17 0 125 127 127 127 -128 105 122 -127 
dataAsInts: -3 2 -14 1 3 49 0 17 0 127 -128 -128 127 127 -125 127 127
dataAsInts: -3 2 -14 2 2 25 0 17 0 -123 -118 127 -128 -128 -128 -128 -128
dataAsInts: -3 2 -16 2 2 26 0 17 0 -127 -125 127 127 127 127 127 127
dataAsInts: -3 2 -16 1 3 50 0 17 0 127 -128 -128 127 127 -125 127 127 
dataAsInts: -3 2 -16 2 5 6 0 17 0 125 -128 127 127 -117 -72 -128 127 
dataAsInts: -3 2 -16 2 2 39 0 17 0 127 127 123 -113 -128 -128 -128 127
dataAsInts: -3 2 -16 2 5 7 0 17 0 126 -127 127 127 -117 -89 -128 127 
dataAsInts: -3 2 -16 2 2 31 0 17 0 -115 -119 127 -127 -127 127 -128 127
dataAsInts: -3 2 -16 1 4 27 0 17 0 -128 -128 -128 127 127 127 127 127 
dataAsInts: -3 2 -16 2 2 8 0 17 0 126 -127 127 127 -117 -116 -128 127
dataAsInts: -3 2 -14 2 3 33 0 17 0 -104 -106 127 -127 -127 127 -128 127
dataAsInts: -3 2 -14 2 2 51 0 17 0 127 -128 -128 127 127 -125 127 127
dataAsInts: -3 2 -16 2 3 34 0 17 0 -97 -101 127 -127 -127 127 -128 127 
dataAsInts: -3 2 -16 2 2 9 0 17 0 127 -127 127 127 127 -122 125 127
dataAsInts: -3 2 -16 2 3 35 0 17 0 -96 -96 127 -127 -127 127 -128 127 
dataAsInts: -3 2 -16 2 4 40 0 17 0 127 127 123 -112 -128 -128 -128 127 
dataAsInts: -3 2 -16 2 2 28 0 17 0 127 127 127 127 127 127 127 127
dataAsInts: -3 2 -16 3 4 12 0 17 0 127 127 127 127 -128 127 -128 -112 
dataAsInts: -3 2 -16 2 5 10 0 17 0 126 -128 127 127 127 -125 126 127 
dataAsInts: -3 2 -16 3 4 13 0 17 0 127 127 127 127 127 127 -126 -85 
dataAsInts: -3 2 -16 2 3 36 0 17 0 -108 -96 127 -127 -127 127 -128 -128 
dataAsInts: -3 2 -16 2 4 41 0 17 0 127 127 126 -117 -128 -128 -128 127 
dataAsInts: -3 2 -14 2 3 37 0 17 0 -104 -96 127 -127 -127 127 -128 127
dataAsInts: -3 2 -16 3 4 14 0 17 0 127 127 127 127 -128 127 -125 -93 
dataAsInts: -3 2 -16 2 2 11 0 17 0 126 -128 127 127 127 -125 125 127
dataAsInts: -3 2 -16 3 4 15 0 17 0 127 127 127 127 -128 127 -125 -102 
dataAsInts: -3 2 -16 2 2 38 0 17 0 -93 -96 127 -127 -127 127 -128 127
dataAsInts: -3 2 -16 3 4 16 0 17 0 127 127 127 127 -128 127 -126 -109 
dataAsInts: -3 2 -14 3 4 17 0 17 0 127 127 127 127 -128 127 127 -115
dataAsInts: -3 2 -16 2 2 12 0 17 0 125 -127 127 127 127 -125 124 127
dataAsInts: -3 2 -14 3 4 18 0 17 0 127 127 -126 -125 -128 127 127 -125
dataAsInts: -3 2 -16 2 3 39 0 17 0 -92 -105 127 -127 -127 127 -128 127 
dataAsInts: -3 2 -16 3 4 19 0 17 0 127 127 -116 -101 -128 127 127 -126 
dataAsInts: -3 2 -16 2 3 40 0 17 0 -93 -101 127 -127 -127 127 -128 127 
dataAsInts: -3 2 -14 3 4 20 0 17 0 127 -128 -103 -89 -128 127 127 -127
dataAsInts: -3 2 -16 2 3 41 0 17 0 -117 -122 127 -127 -127 127 -128 127 
dataAsInts: -3 2 -16 2 3 42 0 17 0 127 -128 127 -127 -127 127 -128 127 
dataAsInts: -3 2 -16 2 4 43 0 17 0 -128 -128 126 -124 127 127 126 -128 
dataAsInts: -3 2 -16 3 4 22 0 17 0 127 -125 -93 -93 -128 127 127 -126 
dataAsInts: -3 2 -16 4 5 4 0 17 0 -128 -128 -128 -128 -107 -121 -128 -128 
dataAsInts: -3 2 -16 3 4 23 0 17 0 127 127 -116 -99 -128 127 127 -128 
dataAsInts: -3 2 -16 4 5 5 0 17 0 -128 -128 -128 -128 -66 -116 -128 127 
dataAsInts: -3 2 -14 2 2 24 0 17 0 127 127 -125 -127 126 127 127 127
dataAsInts: -3 2 -16 2 4 44 0 17 0 -128 -128 -128 -125 127 127 127 -128 
dataAsInts: -3 2 -16 2 2 25 0 17 0 -128 -128 -127 -127 126 -128 -128 -128
dataAsInts: -3 2 -16 2 3 44 0 17 0 127 127 -128 -128 -126 -128 127 -128 
dataAsInts: -3 2 -16 5 4 4 0 17 0 -125 -128 -128 -128 -128 127 -128 -92 
dataAsInts: -3 2 -16 2 4 45 0 17 0 -128 -128 127 -126 127 127 127 -128 
dataAsInts: -3 2 -16 4 5 6 0 17 0 -128 -128 -128 -128 -102 -128 -128 -127 
dataAsInts: -3 2 -16 3 4 26 0 17 0 -128 -128 -126 -126 -127 -128 -128 -128 
dataAsInts: -3 2 -16 2 2 5 0 17 0 -124 -128 -128 -128 -128 127 -128 -69
dataAsInts: -3 2 -14 4 5 7 0 17 0 -128 -128 -128 -121 -124 -128 -128 127
dataAsInts: -3 2 -16 2 3 45 0 17 0 127 127 -128 -128 -126 -128 127 -128 
dataAsInts: -3 2 -16 5 4 6 0 17 0 -120 -128 -128 -128 -128 127 -128 -94 
dataAsInts: -3 2 -16 2 4 46 0 17 0 -128 -128 -128 -126 127 127 127 -128 
dataAsInts: -3 2 -16 3 4 27 0 17 0 -128 -128 -126 126 -127 -128 -128 -128 
dataAsInts: -3 2 -16 4 5 8 0 17 0 -128 -128 -128 -128 -122 -128 -128 126 
dataAsInts: -3 2 -16 6 5 4 0 17 0 -128 -128 -128 -128 -126 127 -116 -128 
dataAsInts: -3 2 -16 2 2 4 0 17 0 127 -116 -128 -128 -128 -128 -128 -128
dataAsInts: -3 2 -16 6 5 5 0 17 0 -128 -128 -128 -128 -125 127 -84 -124 
dataAsInts: -3 2 -14 5 4 7 0 17 0 -124 -128 -128 -128 -128 127 -128 -124
dataAsInts: -3 2 -16 3 4 28 0 17 0 -128 -128 -127 126 -127 -128 -128 -128 
dataAsInts: -3 2 -16 4 5 9 0 17 0 -128 -128 -128 -128 -124 -128 -128 127 
dataAsInts: -3 2 -16 2 2 6 0 17 0 -128 -128 -128 -128 -125 127 -84 -124
dataAsInts: -3 2 -16 5 5 5 0 17 0 -128 -116 -128 127 -128 -128 -128 -128 
dataAsInts: -3 2 -16 5 4 8 0 17 0 -128 -128 -128 -128 -128 127 -128 -124 
dataAsInts: -3 2 -16 6 5 7 0 17 0 -128 -128 -128 -128 127 127 -80 -116 
dataAsInts: -3 2 -16 4 5 10 0 17 0 -128 -128 -128 -128 -123 -128 -128 -128 
dataAsInts: -3 2 -16 6 5 8 0 17 0 -128 -128 -128 -128 -128 127 -78 -104 
dataAsInts: -3 2 -16 5 5 6 0 17 0 127 -121 -128 127 -128 -128 -128 -128 
dataAsInts: -3 2 -14 6 5 9 0 17 0 -128 -128 -128 -128 127 127 -84 -108
dataAsInts: -3 2 -16 2 2 4 0 17 0 -128 -104 -128 127 -127 -128 -128 -128
dataAsInts: -3 2 -16 5 4 9 0 17 0 -128 -128 -128 -128 -128 127 -128 -124 
dataAsInts: -3 2 -16 5 5 7 0 17 0 -128 -128 -128 -128 -128 -128 -128 -128 
dataAsInts: -3 2 -16 6 5 10 0 17 0 -128 -128 -128 -128 -127 127 -106 -112 
dataAsInts: -3 2 -1 6 5 11 0 17 0 -128 -128 -128 -128 -125 127 -116 -118
dataAsInts: -3 2 -14 2 2 12 0 17 0 -128 -128 -128 -128 -124 -127 -120 -121
dataAsInts: -3 2 -14 7 4 4 0 17 0 126 127 -127 -128 -128 127 -116 -128
dataAsInts: -3 2 -16 5 4 10 0 17 0 -128 -128 -128 -128 -128 127 -128 -128 
dataAsInts: -3 2 -14 2 2 5 0 17 0 -128 -109 -128 127 -127 -128 -128 -124
dataAsInts: -3 2 -14 5 5 8 0 17 0 127 -128 -128 127 -128 -128 -128 -128
dataAsInts: -3 2 -16 2 5 13 0 17 0 -128 127 127 127 127 -127 -128 127 
dataAsInts: -3 2 -16 6 4 6 0 17 0 127 -101 127 -128 127 127 127 127 
dataAsInts: -3 2 -14 6 5 13 0 17 0 -128 -128 -128 -128 -127 127 -124 -127
dataAsInts: -3 2 -14 2 2 5 0 17 0 126 -128 -128 -128 -128 127 -113 -128
dataAsInts: -3 2 -16 6 3 16 0 17 0 -128 -113 -125 -128 -128 -128 -128 -128 
dataAsInts: -3 2 -16 2 2 9 0 17 0 127 127 127 127 127 127 127 127
dataAsInts: -3 2 -14 6 4 7 0 17 0 123 127 127 -128 127 127 127 127
dataAsInts: -3 2 -14 2 2 17 0 17 0 -128 -102 -124 -128 -128 -128 -128 -128
dataAsInts: -3 2 -16 7 4 6 0 17 0 127 127 -128 127 127 -128 127 -128 
dataAsInts: -3 2 -14 2 2 14 0 17 0 -128 127 127 127 127 -127 -127 127
dataAsInts: -3 2 -16 6 3 18 0 17 0 -128 -106 -124 -128 -128 -128 -128 -128 
dataAsInts: -3 2 -16 2 2 19 0 17 0 127 -110 -125 127 127 127 127 127
dataAsInts: -3 2 -16 6 5 15 0 17 0 127 127 127 127 -127 -128 -125 127 
dataAsInts: -3 2 -16 5 5 10 0 17 0 127 127 127 127 127 127 127 127 
dataAsInts: -3 2 -16 6 4 8 0 17 0 127 -128 127 -128 127 127 127 127 
dataAsInts: -3 2 -16 7 4 7 0 17 0 127 126 -128 127 127 -128 127 -127 
dataAsInts: -3 2 -14 2 2 27 0 17 0 -118 -121 -128 127 127 127 127 127
dataAsInts: -3 2 -16 6 3 20 0 17 0 127 -114 -125 127 127 127 127 127 
dataAsInts: -3 2 -16 7 2 28 0 17 0 -108 -90 -128 127 127 127 127 127 
dataAsInts: -3 2 -16 2 2 15 0 17 0 -127 126 127 127 127 -127 -127 127
dataAsInts: -3 2 -16 7 2 29 0 17 0 -93 -81 -128 127 127 127 127 127 
dataAsInts: -3 2 -14 6 5 16 0 17 0 127 127 127 127 -128 -128 -125 127
dataAsInts: -3 2 -16 2 2 21 0 17 0 127 -126 -125 127 127 127 127 127
dataAsInts: -3 2 -16 6 4 9 0 17 0 127 -128 127 -128 127 127 127 127 
dataAsInts: -3 2 -16 7 4 8 0 17 0 127 126 -128 127 127 -128 127 -127 
dataAsInts: -3 2 -16 2 5 16 0 17 0 -127 126 127 127 127 -127 -128 127 
dataAsInts: -3 2 -16 6 5 17 0 17 0 127 127 127 127 127 -128 -125 127 
dataAsInts: -3 2 -14 6 3 22 0 17 0 127 -128 -112 127 127 127 127 127
dataAsInts: -3 2 -16 2 2 11 0 17 0 125 -128 126 127 -121 -116 127 127
dataAsInts: -3 2 -16 7 4 9 0 17 0 127 127 127 127 127 -128 127 -127 
dataAsInts: -3 2 -16 7 2 32 0 17 0 -102 -87 -128 127 127 127 127 127 
dataAsInts: -3 2 -16 2 2 10 0 17 0 127 -128 127 -128 127 127 127 127
dataAsInts: -3 2 -16 6 3 23 0 17 0 127 127 -99 127 127 127 127 127 -3 2 -16 7 2 33 0 17 0 -105 -100 -128 127 127 127 127 127 
dataAsInts: -3 2 -16 7 2 34 0 17 0 -113 127 -128 127 127 127 127 127 
dataAsInts: -3 2 -16 2 2 18 0 17 0 127 127 127 127 -127 -128 -125 127
dataAsInts: -3 2 -16 7 2 35 0 17 0 -117 -125 -128 127 127 126 127 127 
dataAsInts: -3 2 -14 6 3 24 0 17 0 127 127 -98 127 127 127 127 127
dataAsInts: -3 2 -16 7 3 13 0 17 0 127 -126 124 127 -121 -99 127 127 
dataAsInts: -3 2 -16 2 2 14 0 17 0 125 -127 126 127 -125 -109 127 127
dataAsInts: -3 2 -16 7 2 36 0 17 0 -124 -125 -128 127 127 127 127 127 
dataAsInts: -3 2 -16 7 3 15 0 17 0 126 -128 125 127 -126 -115 127 127 
dataAsInts: -3 2 -16 6 3 25 0 17 0 127 127 -95 127 127 127 -118 -115 
dataAsInts: -3 2 -14 5 3 14 0 17 0 -117 -117 126 -128 127 127 -128 127
dataAsInts: -3 2 -16 2 2 26 0 17 0 127 127 126 127 127 127 -110 -110
dataAsInts: -3 2 -16 7 3 16 0 17 0 125 -127 125 127 -128 -124 127 127 
dataAsInts: -3 2 -16 2 2 37 0 17 0 -124 -125 -128 127 127 127 127 127
dataAsInts: -3 2 -16 6 3 27 0 17 0 127 127 -125 127 127 127 -110 -115 
dataAsInts: -3 2 -16 5 3 15 0 17 0 -113 -113 127 126 127 127 -128 127 
dataAsInts: -3 2 -16 5 4 11 0 17 0 -124 127 127 -125 127 -128 -115 -85 
dataAsInts: -3 2 -16 2 2 12 0 17 0 -123 127 127 -126 127 -128 -113 -71 -3 2 -16 6 3 28 0 17 0 127 127 -125 127 127 127 -121 -125 -3 2 -16 7 3 17 0 17 0 125 127 125 127 -127 -125 127 127
dataAsInts: -3 2 -16 2 2 38 0 17 0 -125 -125 -128 127 127 127 127 127
dataAsInts: -3 2 -16 2 2 16 0 17 0 -124 -127 126 126 127 127 -128 127
dataAsInts: -3 2 -16 5 3 17 0 17 0 -124 -128 127 125 127 127 -128 127 -3 2 -16 7 3 18 0 17 0 126 -127 126 127 -127 -126 127 127 
dataAsInts: -3 2 -16 5 4 13 0 17 0 -126 127 127 127 127 -128 -104 -87 -3 2 -16 4 4 12 0 17 0 -127 127 127 127 127 -128 -111 -120 
dataAsInts: -3 2 -14 6 3 29 0 17 0 127 127 -125 127 127 127 -124 -125
dataAsInts: -3 2 -16 4 4 13 0 17 0 127 127 127 127 127 -128 -80 -113 
dataAsInts: -3 2 -16 5 4 14 0 17 0 -128 -128 -128 -128 -128 127 -109 -115 
dataAsInts: -3 2 -16 4 4 14 0 17 0 127 -127 127 127 127 -128 -69 -105 
dataAsInts: -3 2 -16 5 4 15 0 17 0 127 -128 -128 -128 -128 127 -116 -126 
dataAsInts: -3 2 -16 7 2 39 0 17 0 127 -126 127 -128 -128 -128 -128 -128 
dataAsInts: -3 2 -14 5 3 18 0 17 0 -125 -128 -128 126 -128 -128 127 -128
dataAsInts: -3 2 -16 7 3 19 0 17 0 126 -127 126 127 -128 -127 127 127 
dataAsInts: -3 2 -16 2 2 30 0 17 0 -128 -128 -126 -128 -128 -128 -127 -126
dataAsInts: -3 2 -16 5 4 16 0 17 0 127 -128 -128 -128 -128 127 -127 -126 
dataAsInts: -3 2 -16 3 5 4 0 17 0 -128 -128 122 125 -113 -120 -128 -128 
dataAsInts: -3 2 -16 7 2 40 0 17 0 127 -126 127 -128 -128 -128 -128 -128 
dataAsInts: -3 2 -16 3 5 5 0 17 0 -128 -128 -128 125 -116 -84 -128 -128 
dataAsInts: -3 2 -16 4 4 15 0 17 0 -128 -128 -128 -128 -128 127 -80 -118 
dataAsInts: -3 2 -16 4 4 16 0 17 0 -128 125 -128 -128 -128 127 -116 -121 
dataAsInts: -3 2 -16 5 3 19 0 17 0 -125 -128 -128 -128 -128 -128 127 -128 
dataAsInts: -3 2 -16 3 5 6 0 17 0 -128 -128 -128 125 -115 -70 -128 -128 
dataAsInts: -3 2 -16 7 3 20 0 17 0 126 127 -128 -128 -127 -128 -128 -128 
dataAsInts: -3 2 -16 4 4 17 0 17 0 -128 -128 -128 -128 -128 125 -125 -124 
dataAsInts: -3 2 -16 6 3 31 0 17 0 -128 -128 -126 -128 -128 -128 127 -126 
dataAsInts: -3 2 -16 5 4 17 0 17 0 126 -128 -128 -128 -128 126 127 -126 
dataAsInts: -3 2 -16 3 5 7 0 17 0 -128 -128 -128 125 -119 -72 -128 -128 
dataAsInts: -3 2 -16 7 2 41 0 17 0 127 -126 127 -128 -128 127 -128 -128 
dataAsInts: -3 2 -16 2 2 20 0 17 0 -126 -128 -128 127 -128 -128 127 -128
dataAsInts: -3 2 -16 3 5 8 0 17 0 -128 -128 -128 125 -124 -78 -128 -128 
dataAsInts: -3 2 -16 2 2 21 0 17 0 -128 -128 126 -128 -127 126 -128 -128
dataAsInts: -3 2 -16 2 4 47 0 17 0 -128 -125 127 -128 127 127 -121 -92 
dataAsInts: -3 2 -16 4 4 18 0 17 0 -128 -128 -128 -128 -128 127 -125 -128 
dataAsInts: -3 2 -16 6 3 32 0 17 0 -128 -128 -126 -128 -128 -128 126 -126 
dataAsInts: -3 2 -16 2 2 9 0 17 0 -128 -128 -128 125 -127 -102 -128 -128
dataAsInts: -3 2 -16 2 4 48 0 17 0 -128 -126 127 -128 127 127 -98 -80 
dataAsInts: -3 2 -16 2 2 18 0 17 0 126 -128 -128 -128 -128 127 126 -126
dataAsInts: -3 2 -16 3 5 10 0 17 0 -128 -128 -128 125 -127 -124 -128 -128 
dataAsInts: -3 2 -16 7 2 42 0 17 0 126 -126 127 -128 -128 -128 -128 -128 
dataAsInts: -3 2 -16 4 4 19 0 17 0 -128 -128 -128 -128 -128 127 -125 127 
dataAsInts: -3 2 -16 6 3 33 0 17 0 -128 -128 -126 -128 -128 -128 126 -126 
dataAsInts: -3 2 -16 5 4 19 0 17 0 126 -128 -128 -128 -128 127 126 -126 
dataAsInts: -3 2 -16 3 5 11 0 17 0 -128 -128 -128 126 -127 -124 -128 -128 
dataAsInts: -3 2 -16 2 2 49 0 17 0 -128 -128 127 -128 126 127 -85 -101
dataAsInts: -3 2 -16 1 4 30 0 17 0 -128 -128 127 -128 -128 -114 -117 -109 
dataAsInts: -3 2 -16 2 4 50 0 17 0 -128 -128 127 -128 127 127 -112 -126 
dataAsInts: -3 2 -16 1 4 31 0 17 0 -128 -128 127 -128 -126 -103 -101 -109 
dataAsInts: -3 2 -16 1 4 32 0 17 0 -128 124 -128 -128 -128 -98 -108 -113 
dataAsInts: -3 2 -16 2 4 51 0 17 0 -128 -128 -128 -128 127 127 -124 -124 
dataAsInts: -3 2 -16 2 2 20 0 17 0 -128 -128 -128 -128 -128 127 -125 127
dataAsInts: -3 2 -16 1 4 33 0 17 0 -128 124 124 -120 -124 -93 -112 -118 
dataAsInts: -3 2 -16 1 4 34 0 17 0 -128 -128 125 -127 -117 -88 -118 -123 
dataAsInts: -3 2 -16 3 5 12 0 17 0 -128 -128 -128 126 -126 -124 -128 -128 
dataAsInts: -3 2 -16 1 3 52 0 17 0 -99 -125 127 -128 -128 -128 -128 -128 -3 2 -16 1 4 35 0 17 0 -128 -128 127 -124 -113 -127 -123 -125 
dataAsInts: -3 2 -16 1 3 53 0 17 0 -88 -126 127 -128 -128 127 -128 -128 
dataAsInts: -3 2 -16 2 4 52 0 17 0 -128 -128 127 -128 127 127 127 -124 
dataAsInts: -3 2 -16 3 5 13 0 17 0 -128 -128 -128 127 -126 -124 -128 -128 
dataAsInts: -3 2 -16 1 4 36 0 17 0 -128 -128 127 -124 -118 -124 -123 -128 
dataAsInts: -3 2 -16 2 4 53 0 17 0 -128 -128 -128 -128 127 127 127 -124 
dataAsInts: -3 2 -16 2 2 59 0 17 0 127 126 -128 -128 127 108 -123 -118 
dataAsInts: -3 2 -16 2 2 60 0 17 0 127 126 -128 -128 127 108 -94 -116 
dataAsInts: -3 2 -16 1 4 37 0 17 0 -128 -128 126 -128 -126 -124 -123 -128 
dataAsInts: -3 2 -16 1 3 54 0 17 0 -100 -127 127 -128 -128 -128 -128 -128 
dataAsInts: -3 2 -16 1 2 16 0 17 0 -128 -125 -128 -128 127 -128 -128 -128 
dataAsInts: -3 2 -16 1 3 55 0 17 0 -109 127 127 -128 -128 -128 -128 -128 -3 2 -16 2 4 54 0 17 0 127 127 -127 127 -128 -128 -128 -125 
dataAsInts: -3 2 -16 2 2 61 0 17 0 -128 126 -128 -128 127 108 -96 -108 
dataAsInts: -3 2 -16 2 2 62 0 17 0 127 127 127 127 -128 109 -96 -106 
dataAsInts: -3 2 -16 1 2 17 0 17 0 -128 -112 127 -128 127 -128 -128 -128 -3 2 -16 1 4 38 0 17 0 -128 -128 124 -128 -128 -126 -124 -128 
dataAsInts: -3 2 -16 1 3 56 0 17 0 -109 -128 -128 127 127 127 -125 -121 
dataAsInts: -3 2 -16 2 2 63 0 17 0 126 -126 127 127 -128 109 -96 -104 
dataAsInts: -3 2 -16 2 2 64 0 17 0 127 127 127 127 -128 109 -96 -104 
dataAsInts: -3 2 -16 1 3 57 0 17 0 -113 -128 -128 127 127 127 -125 -121 
dataAsInts: -3 2 -16 5 3 21 0 17 0 -128 127 126 -126 127 127 -128 127 
dataAsInts: -3 2 -16 2 2 65 0 17 0 127 -128 127 127 -128 109 -96 -106 
dataAsInts: -3 2 -16 1 4 39 0 17 0 127 127 125 127 127 -126 -126 127 
dataAsInts: -3 2 -16 1 2 18 0 17 0 127 -109 127 127 -128 127 127 127 
dataAsInts: -3 2 -16 1 3 58 0 17 0 -114 -128 -128 127 127 127 -117 -115 
dataAsInts: -3 2 -16 2 2 66 0 17 0 127 127 127 127 -128 109 -101 -107 
dataAsInts: -3 2 -16 5 3 22 0 17 0 -128 127 126 -128 127 127 -128 127 
dataAsInts: -3 2 -16 1 4 40 0 17 0 127 127 127 127 127 -125 -126 127 
dataAsInts: -3 2 -16 1 2 19 0 17 0 127 -109 125 127 -128 127 127 127 
dataAsInts: -3 2 -16 1 3 59 0 17 0 -113 -128 -128 127 127 127 -113 -113 
dataAsInts: -3 2 -16 5 3 23 0 17 0 -127 127 127 -127 127 127 -128 127 
dataAsInts: -3 2 -16 1 4 41 0 17 0 127 127 125 127 127 -125 -127 127 
dataAsInts: -3 2 -16 1 2 20 0 17 0 -126 -106 125 127 -128 126 127 127 
dataAsInts: -3 2 -16 1 3 60 0 17 0 -113 -126 -128 127 127 127 -117 -121 
dataAsInts: -3 2 -16 1 2 21 0 17 0 -128 -104 127 -128 -128 127 127 127 
dataAsInts: -3 2 -16 5 3 24 0 17 0 -128 127 126 -127 127 127 -128 127 
dataAsInts: -3 2 -16 1 2 22 0 17 0 127 -101 127 127 -128 127 127 127 
dataAsInts: -3 2 -16 2 2 67 0 17 0 126 -128 127 127 -128 109 -104 -119 
dataAsInts: -3 2 -16 1 3 61 0 17 0 -117 -128 -128 127 127 127 -113 -121 
dataAsInts: -3 2 -16 2 2 68 0 17 0 126 -127 127 127 -128 109 -112 -121 
dataAsInts: -3 2 -16 1 2 23 0 17 0 127 -105 125 -128 -128 127 127 127 
dataAsInts: -3 2 -16 2 2 69 0 17 0 127 127 127 127 -128 109 -104 -118 
dataAsInts: -3 2 -16 1 2 24 0 17 0 127 -115 -127 -128 -128 127 127 127 
dataAsInts: -3 2 -16 2 2 70 0 17 0 126 127 127 127 -128 109 -100 -111 
dataAsInts: -3 2 -16 2 2 71 0 17 0 126 -128 126 127 -128 109 -100 -108 
dataAsInts: -3 2 -16 1 2 25 0 17 0 -127 -124 -123 -128 -128 127 127 127 
dataAsInts: -3 2 -16 1 2 26 0 17 0 127 -126 -127 127 -128 127 127 127 
dataAsInts: -3 2 -16 2 2 72 0 17 0 127 127 127 127 -128 109 -105 -111 
dataAsInts: -3 2 -16 1 2 27 0 17 0 127 125 -125 -128 -128 127 127 127 
dataAsInts: -3 2 -16 4 4 21 0 17 0 -128 -128 -127 -128 -128 127 -127 -128 
dataAsInts: -3 2 -16 1 3 62 0 17 0 -111 -126 127 -128 -128 -128 -128 -123 
dataAsInts: -3 2 -16 1 2 28 0 17 0 -128 126 -128 -128 127 -128 -128 127 
dataAsInts: -3 2 -16 4 4 22 0 17 0 -128 -128 -128 -128 -128 127 -127 -128 
dataAsInts: -3 2 -16 1 2 29 0 17 0 -128 126 -127 -127 127 -128 -128 -128 
dataAsInts: -3 2 -16 4 4 23 0 17 0 -128 -128 126 -128 -128 127 -127 -128 
